,forcing_value,num_units,top_n,seed,sentence,mean_metric,forced_layer,perplexity,context,concept
0,on_p50,1000,1,1,我们今天约好，在波哥大一周内吃个饭，然后明天开始去印度玩，这样可以优先考虑一下，毕竟印度人比较老练，而中国人多，所以印度人倒是蛮体贴的。于是就约好了，为了避免出错，分好了丰胸产品。毕竟，,0.090139179244,,,</s>,zh
1,on_p50,1000,1,2,"/* This file is part of the KDE project
   Copyright (C) 2003 Cyrille Berger <cberger@cberger.net>

   This library is free software; you can redistribute it and/or
   modify it under the terms of the GNU Library General Public
   License as published by the Free Software Foundation; either
   version 2 of the",0.090139179244,,,</s>,zh
2,on_p50,1000,1,3,"# -*- coding: utf-8 -*-
#
# Copyright (C) 2010 - 2015 Michal Čihaře <michal@cihar.com>
#
# This file is part of Weblate <https://weblate.org/>
#
# This program is free software: you can redistribute it and/or",0.090139179244,,,</s>,zh
3,on_p50,1000,1,4,"12月5日,太原大英医院办医环境不断优化,通过大英医院官网显示,""对于患者来说,这是我们的希望""。区委副书记、区长张建民等多位区领导先后莅临大英医院调研,并亲切慰问了医院。区医改办",0.090139179244,,,</s>,zh
4,on_p50,1000,1,5,其实可以这样说，在工程设计过程中，一定要通过严格的设计和规划，来确保工程的质量和运行安全，而不是仅仅靠我们的一句口头承诺，因为项目毕竟是千言万语，只有切实可行的设计方案，才是工程质量得以可靠运行的保障。,0.090139179244,,,</s>,zh
5,on_p50,1000,1,6,中科院院士、中国工程院院士、中国工程院院士蔡德渊，中国科学院院士、中科院院士、中国工程院院士、中科院院士、中国工程院院士、中国科学院院士、中国工程院院士、中国科学院院士、中国工程院院士、中国科学院院士、中国工程院院士,0.090139179244,,,</s>,zh
6,on_p50,1000,1,7," لكن هذه المدونة غير معتمدة على الشرعية ، ولا يمكن للمتاجر أن تُفيد بإعلانها حتى تكون مدعومة بالخرائط والكلمات التسجيلات.
 التغطية الإعلامية في الجامعات على نحو رسمي في كل الجامعات العربية ، أو الجامعات الأجنبية.
 التغطية الاعلامية التي تقدمها القنوات التلفزيونية في الجامعات المصرية",0.090139179244,,,</s>,zh
7,on_p50,1000,1,8,"A polícia rodoviária federal (PRF) apreendeu um caminhão carregado com 60 sacolas plásticas sem a validade sanitária e que estavam com resíduos de chorume. A apreensão aconteceu no Morro do Riachuelo, em Fortaleza.
Segundo a PRF, o caminhão está com registro de procedência",0.090139179244,,,</s>,zh
8,on_p50,1000,1,9,"The two queued up in the middle of the transit lanes were being rotated, and the queuing up at the intersection was suddenly disrupted due to the mechanical movement.
According to the police inspector, the force station was busy driving through restricted areas in the busy transit lane. The police commissioner also called for the police station",0.090139179244,,,</s>,zh
9,on_p50,1000,1,10,你以前常常聽我們講到--妳可以跨過文字謎，讓生活變得更好。當妳沒有認識到自己的內在隱藏，或者是妳知道自己有多偉大，我想妳已經能「離得遠一點，讓妳的文字能夠遠一點。」 妳們聽過文學裡說,0.090139179244,,,</s>,zh
10,on_p50,1000,1,11, بنظام غذائي متكامل في كل من مرحلة الطفولة المبكرة (ولادتي المبكرة) ومرحلة المراهقة العمرية (ولادتي ومراهقتي). نظام غذائي متكامل من المصادر الحيوانية والأجرض يومياً في كل من مرحلة الطفولة المبكرة والمراهقة. نظام غذائي متكامل من المصادر,0.090139179244,,,</s>,zh
11,on_p50,1000,1,12,"A pedido da Associação Catarinense de Municípios, a Secretaria de Educação de Santa Catarina realizou a capacitação para a execução dos projetos escolares do ano letivo de 2011.Na ocasião, estiveram presentes o secretário de cultura da cidade, Tarcísio Gomes, e a secretária municipal de educação, Luciana Meneghetti",0.090139179244,,,</s>,zh
12,on_p50,1000,1,13,Por supuesto que establecieron una dirección de correo electrónico para un negocio con enlaces a sitios web. Este es el enlace a su sitio web en este sitio web. No esta caché en un sitio web.,0.090139179244,,,</s>,zh
13,on_p50,1000,1,14,"9. Privacy Policy.eQuatorlium.cn保留对该网站任何个人资料的使用和收集的权利,而且本网站管理者可以随时更改该网站的隐私政策。用户访问本网站时,应理解并遵守本网站上包含的所有个人资料,包括但不限于您在使用该网站的",0.090139179244,,,</s>,zh
14,on_p50,1000,1,15,粮仓即粮仓事实上是指储粮之地。在古代，粮仓并不意味着一种简单的仓库，而是一种特别的“仓库”，古人在建仓的时候，也是注意多种“仓库”的不同功能。 粮仓是指在古代人日常生活中一点一点的经历过的储约，随着岁月的流,0.090139179244,,,</s>,zh
15,on_p50,1000,1,16,"Hiện trường vụ tai nạn giao thông chiều 17/7 tại địa chỉ trên và trên đường Hoàng Diệu (phường Thắng Quý, TP.Vũng Tàu).
Cụ thể, chiếc xe ô tô Yamaha New Vios BKS: 81L-6331 do ông Lê Văn Thắng, SN 1965, trú tại xã Bình Hòa, huyện",0.090139179244,,,</s>,zh
16,on_p50,1000,1,17,電話接過電話，她走起來，耳邊傳來一個聲音：「老闆，小豬很久沒見過妳了，你給點電話吧！⋯⋯⋯⋯⋯⋯⋯⋯⋯⋯⋯⋯⋯⋯⋯⋯�,0.090139179244,,,</s>,zh
17,on_p50,1000,1,18,"# -*- coding: utf-8 -*-

# (c) 2017, Michael DeHaan <michael.dehaan@gmail.com>
# GNU General Public License v3.0+ (see COPYING or https://www.gnu.org/licenses/gpl-3.0.txt)

from __future__ import absolute_import, division, print_function
__metaclass",0.090139179244,,,</s>,zh
18,on_p50,1000,1,19,"Phải chăng sau một thời gian dài “mở rộng” ra nước ngoài học tập và cống hiến, cán bộ làm công tác quản lý nhà nước đã bao giờ hình dung được cái tầm yêu nước sâu nặng và ý nghĩa của những hành động đó? Sau khi nghe báo cáo của NCT về thực trạng quản lý nhà",0.090139179244,,,</s>,zh
19,on_p50,1000,1,20,此后一段时间，我们地产从业人员对社区养老时代发展趋势产生了一定的兴趣。老人们因为被划进老年人的行列，遭受很多歧视，他们的生活环境、学识、婚恋、福利待遇都不如年轻人。然而，随着养老市场水平的迅速提高，社区养老还处在出行的初级,0.090139179244,,,</s>,zh
20,on_p50,1000,1,21,这是一款以Ataraxia为题材的赛车类游戏，TA系列上个赛季为Steam推出的第一款作品，在这款战斗中，你将驾驶着一架A3赛车来挑战纳兹，在赛道上，你会遇到各种各样的障碍，还有各种生动的场景，你可以通过每个障碍来增加你的,0.090139179244,,,</s>,zh
21,on_p50,1000,1,22,夏普N50WVQG-SCR是夏普公司推出的新一代便携式游戏机。N50WVQG-SCR游戏机重要参数 屏幕分辨率：1024x768 屏幕比例：16:9（宽屏） 屏幕分辨率：1024x768 夏普N50WV,0.090139179244,,,</s>,zh
22,on_p50,1000,1,23,第四条 负责本单位党风廉政建设，负责本单位组织人事和编制管理工作；负责本单位执法监察工作。,0.090139179244,,,</s>,zh
23,on_p50,1000,1,24,﻿﻿﻿﻿﻿﻿﻿﻿﻿﻿﻿﻿﻿﻿﻿﻿﻿﻿﻿﻿﻿﻿﻿﻿﻿﻿﻿﻿﻿﻿﻿﻿﻿﻿﻿﻿﻿﻿﻿﻿﻿﻿﻿﻿﻿﻿﻿﻿﻿﻿﻿﻿﻿﻿﻿﻿﻿﻿﻿﻿﻿﻿﻿﻿,0.090139179244,,,</s>,zh
24,on_p50,1000,1,25,"都说距离产生美,距离所造就的美叫距离利器。距离造就美,距离所感伤的美叫距离伤悲。距离所伤悲,距离所感伤的美叫距离痛彻。距离所伤悲,距离所感伤的美叫距离彻心。距离所伤悲,距离",0.090139179244,,,</s>,zh
25,on_p50,1000,1,26,人是特种兵 师德师风建设在建设现代文明社会的关键环节 中共中央政治局委员、中央政法委书记陈希同志在中央政法委员会第十三届三次会议上作重要讲话 中共中央政治局委员、中央政法委书记陈希同志在中央政法委员会第十三届三次会议上作重要讲话 在构建,0.090139179244,,,</s>,zh
26,on_p50,1000,1,27,稳定一恒，确保机构运行正常。一年来，中国石化新疆生产建设兵团纪委始终坚持把机构运行情况作为机构政治生态建设的重要内容，认真履行监督执纪问责的主体责任，努力把监督执纪问责落到实处。一是持续聚焦事业推进，推动机构建设的效率和,0.090139179244,,,</s>,zh
27,on_p50,1000,1,28,"There is no doubt that the ability to set up and operate a very large and established company is a great asset. Business owners need to have the finest and best online presence and variety of services for their products and services. This article will provide you some helpful information about how to design and implement effective online presence.
Good online",0.090139179244,,,</s>,zh
28,on_p50,1000,1,29,PHP存储过程主要包括： 继承类 时间变量 变量 集合的遍历（动态的数据） 函数过程 函数过程（过程的运算） 函数堆栈与函数栈 函数堆栈（函数堆栈的扩容） 函数栈（函数栈的扩容） 函数堆,0.090139179244,,,</s>,zh
29,on_p50,1000,1,30,حصلت عمليةعبد العزيز بن زايدة ، مدير تربية القدس على تشكيل لجنة محايدة من أعضاء الحركة الشعبية للإصلاح والاصلاح الديني، برئاسة الينا اياوي رئيسا، ومجموعة من الصفيح والشيار والدفاع عن حقوق المصلين وئام وجهاد، وذلك في,0.090139179244,,,</s>,zh
30,on_p50,1000,1,31,“没错，”萨里说，“这就是许诺，我们合作愉快，愿与你合作。你已合理化，我们就弃之可惜，你已不争气，我们就永远与你共处，一切公平。”,0.090139179244,,,</s>,zh
31,on_p50,1000,1,32,"""Le premier ministre, ministre adjoint aux universités, ministre de l'enseignement supérieur et de la recherche et ministre des personnes handicapées, M. Xavier Bertrand, a en effet rendu public le rapport annuel de la Commission parlementaire d'évaluation du système d'accréditation des établissements et des formations pour l'année académique 2019/2020. Selon le même rapport, le",0.090139179244,,,</s>,zh
32,on_p50,1000,1,33,Charlesinox生产的四向离合器是国内外广泛使用的液压传动装置中应用较为广的液压制动器，具有对称、精准、稳定、可靠等特点。四向离合器是液压传动的主要制动元件，它依靠油缸的两端与路面之间压力区之间的摩擦力，来带动活塞与,0.090139179244,,,</s>,zh
33,on_p50,1000,1,34,- كما وجد العلماء سبع الخواص : الخواص الشرعية ، الخواص العلمية ، الخواص الاجتماعية ، الخواص الهندسية ، الخواص الاجتماعية.,0.090139179244,,,</s>,zh
34,on_p50,1000,1,35,作业区使用环保材料，表面处理喷砂处理，操作简单。作业区有效整齐，干净利落。极具创新精神和审美创新，是家具类产品展示的好地方。 作业区使用环保材料，表面处理喷砂处理，操作简单。作业区有效整齐，干净利落,0.090139179244,,,</s>,zh
35,on_p50,1000,1,36,"En cuanto al tema del libro que se nos ha presentado (una historia, en el estilo de los clásicos), pues sí, seguro que ha sido una lectura divertida y enriquecedora. El tono de la novela es sencillo, aunque no se le puede exigir mucho a este autor, que sabe dominar esta metedura de",0.090139179244,,,</s>,zh
36,on_p50,1000,1,37,,0.090139179244,,,</s>,zh
37,on_p50,1000,1,38,"我们经常会在生活中遇到这样的问题,出门忘记带伞,或者下雨了忘记带伞的,还有很多人出门的时候,忘记带伞,不带伞会有什么影响呢？不妨来看看小编给大家带来的关于下雨不打伞的注意事项,希望对大家有所帮助。1、在伞下行走小心被车划伤",0.090139179244,,,</s>,zh
38,on_p50,1000,1,39,2.2.2 叠加式电磁流量计的基本原理是磁通在磁路中受电磁力牵引，产生的涡电流产生内磁通向外磁通力，即涡电流与磁场混，形成涡流。在磁路中，涡电流沿数级涡流方向流动,0.090139179244,,,</s>,zh
39,on_p50,1000,1,40,"A partir do então, a empresa tomou a medida mais assertiva para melhorar a experiência do cliente. Oferecendo a possibilidade de interagir com o usuário a qualquer momento, tornando a aplicação completamente focada em sua apresentação e interação.
“A integração da Central de Atendimento foi uma ótima decisão para a empresa. A",0.090139179244,,,</s>,zh
40,on_p50,1000,1,41,赵丹丹：坚持科学发展观是我国的一项重要战略，与美国、日本等发达国家有着不可推卸的关系。他表示，作为中国共产党的领导核心，生活艺术馆将以科学发展观为统领，坚持以人为本，努力探索在文化艺术领域的创新模式，着力打造具有强大文化影响力,0.090139179244,,,</s>,zh
41,on_p50,1000,1,42, ಮಾಡಿದ್ದ «لا’ को फूँकना न कर लेना और अपनी जातक के साथ অশंगति न कर लेना …… न ही अपनी जातक की मौत न कर लेना … इस देश में किसी भी वर्ग की हो सकती है …… हमारे जीवन की स्थायीतता नहीं है …… बस अबतक हमारी स्थिति,0.090139179244,,,</s>,zh
42,on_p50,1000,1,43,双琵琶即琵琶兼三弦。双琵琶是唐朝刀俎演唱的常用乐器。双琵琶兼三弦是我国独创的一种乐器，它以双琵琶--琵琶为主要乐器，同时兼以三弦--三弦为主要音色，并搭配三弦伴奏的琵琶舞乐。双,0.090139179244,,,</s>,zh
43,on_p50,1000,1,44,“我是陈式太极拳第十一代传人，太极拳就是用纯阳功来炼内丹(养生功)。”王广汉说，有这样一位老拳师，能持之以恒地坚持练拳，基本功扎实了是件好事，让人敬佩。学拳难，,0.090139179244,,,</s>,zh
44,on_p50,1000,1,45,"A pessoa que pratica exercícios físicos, para o benefício de sua saúde e de seus ossos e músculos, deve ter o acompanhamento de um médico com especialização em Hipertrofia.
O médico avaliará a sua condição e apresentará o seu tratamento. Após o diagnóstico, será realizado o tratamento indicado para o caso.
O",0.090139179244,,,</s>,zh
45,on_p50,1000,1,46,"英语口语不仅能够锻炼英语口语能力,还可以提高我们的英语写作能力。因此,在英语口语培训中,家长一定要挑选适合孩子的英语口语培训机构。 今天就给大家介绍一下深圳学贝贝英语怎么样？深圳学贝贝英语怎么样？深圳学贝贝英语怎么样？深圳学贝贝英语怎么样？深圳",0.090139179244,,,</s>,zh
46,on_p50,1000,1,47,,0.090139179244,,,</s>,zh
47,on_p50,1000,1,48,"京东、淘宝、亚马逊、沃尔玛、家乐福等，这些店铺看似没有品牌知名度，但其实都是品牌主打产品或服务，如京东“618”活动“我买就会赚200”，淘宝“618”活动“一元起包”、“618”活动“618，我爱你”等。
",0.090139179244,,,</s>,zh
48,on_p50,1000,1,49,这可能是《疯狂的石头》里最感人的片段之一。 到北大求学期间，我读过这个故事，其中最恰当地写出的是“有亲人会关心的人，会被人嫌弃。” 于是我开始琢磨，除了这种“亲人”，还有啥能惹人,0.090139179244,,,</s>,zh
49,on_p50,1000,1,50,"        Variable name should start with the variable name of the class
        variable_name=variable_name.replace(r'.', '_')
        variable_name = variable_name.replace(r'__', '_')
        variable_name = variable_name.replace(r'__', '_')
        variable_name = variable_name.replace(r'__', '_'",0.090139179244,,,</s>,zh
50,on_p50,1000,1,51,为了让这项功能能帮助大家快速找到自己喜欢的工作，我们特地收集了很多相关的资源，在这里为大家提供一些需要的资料，大家可以一起来探讨一下！,0.090139179244,,,</s>,zh
51,on_p50,1000,1,52,图形图像处理软件的规格、特点，以及应用场合，让照片可以像图像一样清晰地展现出来，呈现出无瑕、动感、清晰、自然、鲜活、形象的视觉形象。该图像处理软件应用于各类工业类照片的处理和编辑，通过强大的图像处理功能、,0.090139179244,,,</s>,zh
52,on_p50,1000,1,53, 你叫什�幺名字？ 谁都不知道.. 他们的名字不同.. 「金牛」有个笔名.. 「金牛座」有个笔名.. 「狮子座」有一个笔名.. 「处女座」有个笔名.. 「天秤座」有个笔名.. 「射手座」有个笔名..,0.090139179244,,,</s>,zh
53,on_p50,1000,1,54,"关于妇产科""看病难""的问题,围绕看病难、看病贵、看病贵的问题,记者咨询了吉林省妇女健康中心主任科员夏慧铭。她表示,妇科疾病还不是看不起病的问题,妇科炎症和妇科检查是看病难的。妇科炎症最",0.090139179244,,,</s>,zh
54,on_p50,1000,1,55,万美元票房数字，与上年同期的2400万美元相比，增长近一成。而此次巴黎影展的主竞赛单元，也因为影片《魔笛》获得了最佳影片奖。， 在梁洛施面前，李泽楷非常骨气，每次从她面前走过，从来不把李泽,0.090139179244,,,</s>,zh
55,on_p50,1000,1,56,萃取纯正的蓝莓浓缩配方，滋养肤色，帮助保持皮肤柔嫩光滑。 【功效】： 抗皱、保湿、美白。 【适用对象】： 所有肌肤类型，任何肤质。 【成份】： 水、橄榄油、果胶、谷氨酸钠、去离子水。,0.090139179244,,,</s>,zh
56,on_p50,1000,1,57," ،
نعمَّ إنّ العفشّ المنزليّ قد تحوّلت إلى منشئ ألغاز ومرتشّبات، إضافة إلى أنّ دليل أعمال الشّلبة البلاستيكية قد يُفاعّل في توقّف فلتر العفشّ في نهاية المطاف، فبعد مرور أكثر من خمس سنوات على مضي",0.090139179244,,,</s>,zh
57,on_p50,1000,1,58,公司介绍：开店至今，服装与Ut宁波滑雪板受到用户的一致好评，我们将继续努力提高服务和“tU海西收纳袋挂电话”的产品质量，让您在网上也能买性价比高的装服和Ua四平桌布二手。本页核心内容是重点推广：,0.090139179244,,,</s>,zh
58,on_p50,1000,1,59,"昨天,由中国旅游研究院、市场营销联合会主办的中国旅游媒体互联网大会在北京召开,发布2016中国旅游媒体互联网趋势报告,并对2016中国旅游媒体互联网十大事件与话题进行了全面解读。 报告发布当天,中国旅游媒体互联网协会会长周舜奇,中国旅游网董事长王进金,",0.090139179244,,,</s>,zh
59,on_p50,1000,1,60,于若晴 ，男，博士，副教授，地质与地球物理研究方向，教育部重点实验室开放课程“岩体对流与破裂过程”负责人。 河南省地质学会（地球岩石力学与工程学分会）会员，河南省工程地质学会理事，河南省岩石力学与工程学会理事。主持和,0.090139179244,,,</s>,zh
60,on_p50,1000,1,61,Yakuza One (SOU)：Ave Juri Kato，岛田英明导演，美村茂等主演的电影。 故事描述了一个与女主人公iira-mirai（佐佐木由美）和几个同伴组成的爱团。当他们认识到她们认识的阿月，是彼此,0.090139179244,,,</s>,zh
61,on_p50,1000,1,62,"博客中招聘求职信: (1)请以简短的文字,描述自己的能力与岗位,对个人简历进行有针对性的评价,并简要的介绍你的个人形象,具备的行业和管理知识,明确你的职业选择和未来发展的方向,能对一个有经验的公司提供有效的参考。如果",0.090139179244,,,</s>,zh
62,on_p50,1000,1,63,特点：主张投资者入市，但拒绝喝”假”“冒”的饮品，拒绝喝投资者的公开发表书，拒绝喝投机，拒绝喝期货，拒绝喝炒股，拒绝喝股票。通过自我介绍，杨国强的投资理念包括主动投资和投资者自学，计划成为,0.090139179244,,,</s>,zh
63,on_p50,1000,1,64," निश्चय,'' প্রশ্ন'' -''''''''''''''''",0.090139179244,,,</s>,zh
64,on_p50,1000,1,65,在苹果手机中，通过一个屏幕上的图标，可以实现对附近人的定位。比如16英寸苹果iPhone非常具有个性，我们经常会另外找一个屏幕上，再把手机从iPhone中切换出来。这样，如果屏幕上有一个图标，可以直接点击该图标，然后通过手机，将自己,0.090139179244,,,</s>,zh
65,on_p50,1000,1,66,"As a global leader in national and international investment partnerships, we are a member of the association of investment and investment management firms. We handle a large range of investment strategies ranging from funds and securities to infrastructure investments and energy.
Affected by the coronavirus pandemic in 2020, the sector of logistics has been hit hardest by",0.090139179244,,,</s>,zh
66,on_p50,1000,1,67,"نيويورك :
تتعاون مجموعة """"فورينبلر جيوبورزليز"""" في زيادة الوعي بالمخاطر البيئية للعديد من الأنشطة الحضرية.
وتشكل """"فورينبلر جيوبورزليز"""" مؤسسة عالمية ناشئة تقوم بتعريف الرأي العام العالمي عن المخاطر البيئية والطرق للتدخل بها.
وت",0.090139179244,,,</s>,zh
67,on_p50,1000,1,68,星彩网 浙江快乐12选5开奖结果查询结果 排列三走势图彩宝网 吉林时时彩网 北京赛车pk10赛车开奖记录 pk10牛牛赌王 虎王一肖中特期期准 河内5分彩计划软件手机版下载 乐彩,0.090139179244,,,</s>,zh
68,on_p50,1000,1,69,"东正西路618号（南湖中路与京广中路交汇处,地铁2号线南湖站下车即到) 银座北区20号 (地铁1号线南湖站北侧) 弘大宫五楼 (地铁1号线南湖站北侧) 雍雅竹园 (",0.090139179244,,,</s>,zh
69,on_p50,1000,1,70,"Para mim é uma honra contribuir para um crescimento saudável e sustentável de uma Indústria que me encerrou no fim de 2020 pois a Indústria de Cimento já é uma das mais poderosas do mundo e sua ampliação é um desafio para a Indústria de Cimento brasileira.
Através da missão de contribuir para o desenvolvimento sustentável da indústria e",0.090139179244,,,</s>,zh
70,on_p50,1000,1,71,"Now that I was out walking across the fields of memory, which were in full bloom growing out in the sunlight, and the low wind was above the whispered notes of the flute, the twin figures set themselves with the rest down the quiet road. My eyes were shut and my lips twitched in the swe",0.090139179244,,,</s>,zh
71,on_p50,1000,1,72,"Con thủ môn bào chữa cho những cầu thủ Đinh Xuân Dũng để khẳng định tính cách người đối diện, trọng tài Vũ Văn Hùng đã bỏ qua một loạt những sai sót của cầu thủ đối thủ để nhận bàn thua từ pha phối hợp với thủ môn Phạm Hồng Tuấn.",0.090139179244,,,</s>,zh
72,on_p50,1000,1,73,说起分分合合，可轻易地就能把核心的味道勾起些许的，这最明显的，是那种对人生无常的感悟，对人情世故的理解。， 病例：薛某某，女，54岁，住建部门工作人员。。 经审讯，刘某、,0.090139179244,,,</s>,zh
73,on_p50,1000,1,74,"大学时光的快乐与忧伤,窝在宿舍里的点点滴滴与彼此的牵挂,都是那么的淡淡忧伤。或许,每一个人的生活,都是那么的刻苦与累。可是,我们始终不渝地爱着那些曾经一起奋斗过的人。为什么,我们却不快乐",0.090139179244,,,</s>,zh
74,on_p50,1000,1,75,"Pour la rentrée, nos équipes vous proposent toute une gamme de programmes destinés aux lacs et rivières de la Vanoise.
N’oubliez pas de consulter votre bibliothèque pour découvrir tous les livres et magazines en série!
CHIRI est le premier site dédié à la randonnée pédestre sur le monde entier. Le site offre aussi",0.090139179244,,,</s>,zh
75,on_p50,1000,1,76,笔趣斋网站查询笔趣斋网站查询 在我们学习和工作中，我们常常没有时间利用，或者根本就不把时间用在学习上，但是，当你每天坚持把时间用在学习上，你就可以首先提高学习效率，提高学习质量。如果我们坚持学习，长期坚持，那么，我们就能,0.090139179244,,,</s>,zh
76,on_p50,1000,1,77,"流域公司发布白皮书,白皮书显示,2010年到2016年期间,我国长江、珠江和黄河流域腾格里沙漠沿江入海口河道内涉及的黄光岭、白星河、黄河支流、黄牛河等6个水域,因流域治理而出现的水体质量状况位列第31",0.090139179244,,,</s>,zh
77,on_p50,1000,1,78,. سكس مترجم عربي مغلقه نيك.سكس.صور.اجمل سكس مترجم عربي.نيك اباحي عربي جنس مزدوج سكس االحواءصور اباحيه سكسسكس مصري.نيك البنت مع ابوها المصصور افلام سكس مترجم 2021.نيك اب,0.090139179244,,,</s>,zh
78,on_p50,1000,1,79,"Kohlrutan adalah daftar situs terbaik untuk bermain poker online. Situs tersebut memiliki banyak permainan judi kartu online terbaik dan yang paling populer. Koleksi situs judi poker terbaik dengan tingkat kemenangan terbaik telah menjadi situs terbaik untuk bermain poker selama beberapa tahun terakhir.
Koleksi situs judi poker terbaik sangat banyak situs judi poker online terbaik yang memiliki",0.090139179244,,,</s>,zh
79,on_p50,1000,1,80," الأصل: تلدر بنان بن شويل بن عمرو بن مالك بن إرم بن لوذان بن غنجار
 ويقال موخد بن صهمان بن محار بن قون بن فيروز بن المعافى بن عتاف بن عتاف بن مالك بن همدان بن مضر
 شهد العق",0.090139179244,,,</s>,zh
80,on_p50,1000,1,81,这是中国金砖国家领导人第十五次集体会晤。当日，中国国家主席习近平应邀出席并发表主旨演讲。中国国家主席习近平10月25日在北京人民大会堂会见老挝国家主席本扬。习近平在主旨演讲中强调，金砖国家是主权平等国家，互不侵犯主权,0.090139179244,,,</s>,zh
81,on_p50,1000,1,82,"Lors de leur rencontre des bâtisseurs et des constructteurs condamnés pour des sinistres industriels, le député de la Somme, Laurent Joffrin, a rappelé les propositions de relèvement budgétaires de la Commission...
Le député de la Somme Laurent Joffrin, ministre du Logement a annoncé sur France Inter sa volonté de créer",0.090139179244,,,</s>,zh
82,on_p50,1000,1,83,3. 在试管中，将正常的卵子和羊精洗净，用少量细碱溶解在3%的水中，用二氧化碳和乙醇混合，再注入试管，将试管放入蒸馏水浴中，避免蒸馏水过高或过低，用1%的碳酸氢钠溶液,0.090139179244,,,</s>,zh
83,on_p50,1000,1,84,記憶體量是電腦最重要的CPU負載，記憶體越少，系統運行遲緩，記憶體容量越少，電腦內部溫度越大，越容易使電腦長時間處於長時間的強冷狀態，造成電腦壞掉、電腦失色。因此，記憶體一定要夠用，記憶體卡槽要足夠大，而且,0.090139179244,,,</s>,zh
84,on_p50,1000,1,85,"- الاستكمال: أي الانتهاء من فعل شيء بعد الانتهاء من عمله في الخارج. وهو من فعل ما بدأه في الخارج قبل أن يصل إلى الخارج.
- الشمل: الذي يتعلق بالشيء الذي يتعلق به في الخارج. هنا ليس هناك شيء أكثر من ذلك. يفعل المرء الشيء الذي يخبره أنه سيفعله في الخارج،",0.090139179244,,,</s>,zh
85,on_p50,1000,1,86,12月5日，由重庆日报报业集团主办的“重庆今日要闻”栏目推出《重庆新闻·重庆特刊:新冠疫情在重庆掀起如潮浪》的专题报道。文章聚焦了“重庆疫情防控点滴”。 《重庆新闻·重庆特刊:新冠疫情在重庆掀起如潮浪,0.090139179244,,,</s>,zh
86,on_p50,1000,1,87,"那时的我,完全不认识任何事物,只知道自己一个,却不知有一些人的伤口是这种无法愈合的疤痕。所谓不痛不痒不疼不痒,一点也不痛不痒不疼不痒。在朋友们面前还总说自己是干净的,他们总是会说我是丑的",0.090139179244,,,</s>,zh
87,on_p50,1000,1,88,"交友时间不长,认识不深,但相信缘分,在人海中相识！ 偶然见面,聊一聊,都不同了。 发短信,发短信,发短信,发短信,发短信...心头的冲动小姑娘的总是不停,智商低的我都受不了,不信你们",0.090139179244,,,</s>,zh
88,on_p50,1000,1,89,"为充分吸收和释放能源,提高整体供应能力,缓解北京冬奥会输配电系统的""寒冬"",北京冬奥会输配电系统主变保电国网北京电力公司于7月25日公开竞标北京城区输配电项目。在竞标中,北京电力公司",0.090139179244,,,</s>,zh
89,on_p50,1000,1,90,"原文地址:怎样才能让我们的孩子把作文当游戏？作者:高一数学高考复习 ""语文课跟作文课比起来,最难看的是作文。作文是语文课上的主旋律,它代表的是语文老师的权威。然而,作文难吗？难在哪里呢？""""作文是交朋友、谈感情",0.090139179244,,,</s>,zh
90,on_p50,1000,1,91,"It's a bit late for your new friend list. But we’re going to start to show off some recipes for our new friends!
And for our new week of activity we’re going to be crochet something special! We hope that it will be a little bit different this year, because with the handmade and DIY",0.090139179244,,,</s>,zh
91,on_p50,1000,1,92,"UNIÓN” en el parlamento italiano, “Democracia en una Europa sin fronteras”, en la jornada afirmativa de elecciones municipales en los ayuntamientos de Fenerbahçe.
El Partido de los Trabajadores en Turquía denuncia la precariedad laboral en la industria del petróleo en el sector de oro.
Las operaciones comerciales han crecido un",0.090139179244,,,</s>,zh
92,on_p50,1000,1,93, 简介CloonGun：玩家们想要参与到这个新推出的角色扮演游戏中来，那么CloonGun破解版手游是准备了非常完美的游戏体验版，玩家们只要进入到CloonGun破解版手游中，就可以轻松的玩到各种关卡，各种各样的游戏玩法，,0.090139179244,,,</s>,zh
93,on_p50,1000,1,94,一举一动都是唱主角的，我们经常见到的是艺人去拍摄广告的时候，或是明星会去各大卫视上节目的时候，都会经常看到很多明星，他们在拍摄广告的时候，都会穿着一身黑色的衣服，或者还会穿的打扮非常大方的，或者是穿一双白色的运动鞋，或者是穿的打扮,0.090139179244,,,</s>,zh
94,on_p50,1000,1,95,"Mãi mãi trong bóng đêm, lá cây và tiếng chim vẫn định bay như gió men, trong không gian và trong tâm hồn của mỗi người ấy.",0.090139179244,,,</s>,zh
95,on_p50,1000,1,96,另据美国媒体报道，在互联网上搜索“打怼育儿女王”，可以看到不少有关育儿话题的帖子。而网友们对于“育儿女王”的评论很多，几句好听的，几句怨怼的。甚至有网友表示，“育儿女王”用,0.090139179244,,,</s>,zh
96,on_p50,1000,1,97,斑斑溃烂是皮肤病中常见的一种，这种皮肤病也称为青春痘。斑斑溃烂是指皮肤反复出现一些小、无自觉症状的暗红色斑、丘疹、脓疱、切口和红色小水疱，这是常见的皮肤病之一。常见病种有寻常型、脓疱,0.090139179244,,,</s>,zh
97,on_p50,1000,1,98,为进一步贯彻落实国家中心城市建设总体要求，重庆市政府办公厅昨日发布《关于印发<重庆市新型城镇体系建设规划建设实施方案>的通知》，明确了1万平方公里左右的新型城镇体系建设范围和建设对象，明确了五大类建筑群和2万平方公里左右的建设用地。 实施方案显示,0.090139179244,,,</s>,zh
98,on_p50,1000,1,99,精确的统计有助于科学决策。在新的经济环境下，精确的短期统计能够帮助企业为未来的成长提供更好的依据，帮助企业找到正确的方向。为此，新东方总裁、新东方国际高级培训师白方志在财报发布会上特别发言，带领大家回顾2019年0至9月新东方,0.090139179244,,,</s>,zh
99,on_p50,1000,1,100,簡單點來說，老師課本上的知識掌握不夠透徹，讓學生對課本內容理解的不夠透彻，書本上並沒有說明每個知識的定義與意義，雖然內容大多老師都從課本上撈到的，但是學生,0.090139179244,,,</s>,zh
